Q = 
0.05923488777590923959 0.12717612886353724111 0.14723239629194814770 0.16915138816685168499 0.19391659871340494181 0.22847323629801363776 0.28808724734869928241 0.36799211076893600936 0.46404526539033524868 0.63755294581347565774 
0.11846977555181847919 0.14451832825402002869 0.16397920914032168560 0.18491258240536012636 0.20830616964266812641 0.22805782749731998149 0.24284906614049409090 0.25858991981291790108 -0.82344282379220556933 0.06850684866653986016 
0.17770466332772771878 0.16186052764450248320 0.18072602198869480716 0.20067377664386881753 0.22269574057193139427 0.24199997850910257013 0.25566679989045804078 -0.83076103602060702435 0.07389416205571554264 0.01196751337527426212 
0.23693955110363695837 0.17920272703498482669 0.19747283483706817853 0.21643497088237720338 0.23708531150119488418 0.25525448122870286749 -0.83435510904346044114 0.06662942492658570359 0.05673789490803658742 -0.02711093023243093397 
0.29617443887954619797 0.19654492642546725345 0.21421964768544138336 0.23219616512088639415 0.25147488243045773570 -0.83816275932767780876 0.05950188664610367439 0.04839707176678927775 0.03338549585297428263 -0.03304401729329677767 
0.35540932665545543756 0.21388712581594954143 0.23096646053381456043 0.24795735935939494654 -0.83973424637200566600 0.05864023483012069382 0.04997084078807514235 0.03662026997089217611 0.01890929457099694427 -0.01789351252920561020 
0.41464421443136467715 0.23122932520643194043 0.24771327338218790404 -0.83731344392077111660 0.06475306918168433068 0.05864023483012045096 0.04997084078807571134 0.03662026997089201652 0.01890929457099706223 -0.01789351252920572122 
0.47387910220727391675 0.24857152459691436719 -0.83454950694393448263 0.07092537407328873555 0.06475306918168478865 0.05864023483012061055 0.04997084078807540602 0.03662026997089206509 0.01890929457099688182 -0.01789351252920569346 
0.53311398998318326736 -0.83242557074315515209 0.07536065781767968541 0.07092537407328872168 0.06475306918168452497 0.05864023483012027749 0.04997084078807522561 0.03662026997089169733 0.01890929457099701019 -0.01789351252920598837 
0.00000000000000000000 0.10983392947305516130 0.13048558344357508165 0.15339019392834302158 0.17952702778414145190 0.23621864477526141601 0.28807515374615810799 0.30887412857073048844 0.30883577301112652425 -0.76523343550479638875 

R = 
16.88194301613413372820 14.21637306621821750241 12.14315199406139456073 10.66227979966366490316 9.77375648302502497700 
0.00000000000000000000 9.10465468000326083597 7.39933840660582298199 5.86744412711321050580 4.50897184152542518376 
0.00000000000000000000 0.00000000000000000000 9.09910164761614126405 7.37557549197105899452 5.81951746480971188191 
0.00000000000000000000 0.00000000000000000000 0.00000000000000000000 9.08238817994059921546 7.31206832707954035300 
0.00000000000000000000 0.00000000000000000000 0.00000000000000000000 0.00000000000000000000 9.04487315553690507386 
0.00000000000000000000 0.00000000000000000000 0.00000000000000000000 0.00000000000000000000 0.00000000000000000000 
0.00000000000000000000 0.00000000000000000000 0.00000000000000000000 0.00000000000000000000 0.00000000000000000000 
0.00000000000000000000 0.00000000000000000000 0.00000000000000000000 0.00000000000000000000 0.00000000000000000000 
0.00000000000000000000 0.00000000000000000000 0.00000000000000000000 0.00000000000000000000 0.00000000000000000000 
0.00000000000000000000 0.00000000000000000000 0.00000000000000000000 0.00000000000000000000 0.00000000000000000000 

Res = 
1.00000000000000022204 1.99999999999999689138 2.99999999999999600320 3.99999999999999689138 5.00000000000000000000 
2.00000000000000044409 3.00000000000000044409 4.00000000000000088818 5.00000000000000000000 6.00000000000000088818 
3.00000000000000044409 4.00000000000000088818 5.00000000000000000000 5.99999999999999911182 7.00000000000000177636 
4.00000000000000088818 5.00000000000000088818 6.00000000000000088818 6.99999999999999733546 8.00000000000000177636 
5.00000000000000088818 6.00000000000000177636 7.00000000000000088818 8.00000000000000177636 9.00000000000000177636 
6.00000000000000088818 7.00000000000000000000 7.99999999999999911182 9.00000000000000177636 -0.00000000000000044409 
7.00000000000000088818 8.00000000000000000000 9.00000000000000000000 0.00000000000000346292 1.00000000000000088818 
8.00000000000000177636 9.00000000000000000000 0.00000000000000163060 1.00000000000000066613 2.00000000000000088818 
9.00000000000000355271 0.00000000000000183874 1.00000000000000355271 2.00000000000000222045 2.99999999999999911182 
0.00000000000000000000 0.99999999999999977796 1.99999999999999977796 3.00000000000000000000 4.00000000000000000000 