Q = 
0.05923488736152648926 0.12717613577842712402 0.14723238348960876465 0.16915142536163330078 0.19391652941703796387 0.00000000000000000000 0.00000000000000000000 0.00000000000000000000 0.00000000000000000000 0.00000000000000000000 
0.11846977472305297852 0.14451833069324493408 0.16397921741008758545 0.18491260707378387451 0.20830613374710083008 0.00000000000000000000 0.00000000000000000000 0.00000000000000000000 0.00000000000000000000 0.00000000000000000000 
0.17770466208457946777 0.16186052560806274414 0.18072602152824401855 0.20067380368709564209 0.22269566357135772705 0.00000000000000000000 0.00000000000000000000 0.00000000000000000000 0.00000000000000000000 0.00000000000000000000 
0.23693954944610595703 0.17920273542404174805 0.19747285544872283936 0.21643498539924621582 0.23708525300025939941 0.00000000000000000000 0.00000000000000000000 0.00000000000000000000 0.00000000000000000000 0.00000000000000000000 
0.29617443680763244629 0.19654491543769836426 0.21421965956687927246 0.23219618201255798340 0.25147482752799987793 0.00000000000000000000 0.00000000000000000000 0.00000000000000000000 0.00000000000000000000 0.00000000000000000000 
0.35540932416915893555 0.21388711035251617432 0.23096647858619689941 0.24795739352703094482 -0.83973425626754760742 0.00000000000000000000 0.00000000000000000000 0.00000000000000000000 0.00000000000000000000 0.00000000000000000000 
0.41464421153068542480 0.23122933506965637207 0.24771328270435333252 -0.83731353282928466797 0.06475328654050827026 0.00000000000000000000 0.00000000000000000000 0.00000000000000000000 0.00000000000000000000 0.00000000000000000000 
0.47387909889221191406 0.24857152998447418213 -0.83454954624176025391 0.07092547416687011719 0.06475305557250976562 0.00000000000000000000 0.00000000000000000000 0.00000000000000000000 0.00000000000000000000 0.00000000000000000000 
0.53311395645141601562 -0.83242559432983398438 0.07536070793867111206 0.07092536985874176025 0.06475307792425155640 0.00000000000000000000 0.00000000000000000000 0.00000000000000000000 0.00000000000000000000 0.00000000000000000000 
0.00000000000000000000 0.10983393341302871704 0.13048559427261352539 0.15339018404483795166 0.17952696979045867920 0.00000000000000000000 0.00000000000000000000 0.00000000000000000000 0.00000000000000000000 0.00000000000000000000 

R = 
16.88194274902343750000 14.21637344360351562500 12.14315223693847656250 10.66227912902832031250 9.77375602722167968750 
0.00000000000000000000 9.10465431213378906250 7.39933824539184570312 5.86744356155395507812 4.50897121429443359375 
0.00000000000000000000 0.00000000000000000000 9.09910106658935546875 7.37557554244995117188 5.81951808929443359375 
0.00000000000000000000 0.00000000000000000000 0.00000000000000000000 9.08238792419433593750 7.31206989288330078125 
0.00000000000000000000 0.00000000000000000000 0.00000000000000000000 0.00000000000000000000 9.04487323760986328125 
0.00000000000000000000 0.00000000000000000000 0.00000000000000000000 0.00000000000000000000 0.00000000000000000000 
0.00000000000000000000 0.00000000000000000000 0.00000000000000000000 0.00000000000000000000 0.00000000000000000000 
0.00000000000000000000 0.00000000000000000000 0.00000000000000000000 0.00000000000000000000 0.00000000000000000000 
0.00000000000000000000 0.00000000000000000000 0.00000000000000000000 0.00000000000000000000 0.00000000000000000000 
0.00000000000000000000 0.00000000000000000000 0.00000000000000000000 0.00000000000000000000 0.00000000000000000000 

Res = 
1.00000000000000000000 2.00000000000000000000 2.99999976158142089844 4.00000000000000000000 5.00000000000000000000 
2.00000000000000000000 3.00000000000000000000 4.00000000000000000000 5.00000000000000000000 6.00000000000000000000 
3.00000000000000000000 4.00000000000000000000 5.00000000000000000000 6.00000000000000000000 6.99999952316284179688 
4.00000000000000000000 5.00000000000000000000 6.00000000000000000000 7.00000000000000000000 7.99999952316284179688 
5.00000000000000000000 6.00000000000000000000 7.00000000000000000000 8.00000000000000000000 9.00000000000000000000 
6.00000000000000000000 7.00000000000000000000 8.00000000000000000000 9.00000000000000000000 0.00000075963959034198 
7.00000000000000000000 8.00000000000000000000 9.00000000000000000000 -0.00000095367431640625 0.99999964237213134766 
8.00000000000000000000 9.00000000000000000000 0.00000011920928955078 1.00000023841857910156 1.99999988079071044922 
8.99999904632568359375 -0.00000020968491298845 1.00000000000000000000 2.00000000000000000000 3.00000000000000000000 
0.00000000000000000000 1.00000000000000000000 2.00000000000000000000 3.00000000000000000000 3.99999976158142089844 