Q = 
-0.05923485755920410156 -0.12717607617378234863 -0.14723235368728637695 -0.16915130615234375000 -0.19391661882400512695 -0.42277234792709350586 -0.46112057566642761230 -0.49017205834388732910 -0.51029264926910400391 0.01970647834241390228 
-0.11846976727247238159 -0.14451827108860015869 -0.16397923231124877930 -0.18491253256797790527 -0.20830623805522918701 -0.20152617990970611572 -0.22320103645324707031 -0.24338479340076446533 0.83563452959060668945 -0.11248704046010971069 
-0.17770464718341827393 -0.16186052560806274414 -0.18072591722011566162 -0.20067381858825683594 -0.22269575297832489014 -0.23804052174091339111 -0.26012921333312988281 0.81833767890930175781 -0.09453521668910980225 -0.12943330407142639160 
-0.23693953454494476318 -0.17920267581939697266 -0.19747285544872283936 -0.21643508970737457275 -0.23708549141883850098 -0.27314230799674987793 0.80542576313018798828 -0.10801427066326141357 -0.11251850426197052002 -0.14849910140037536621 
-0.29617440700531005859 -0.19654490053653717041 -0.21421965956687927246 -0.23219627141952514648 -0.25147473812103271484 0.79802352190017700195 -0.11496187746524810791 -0.12212021648883819580 -0.12884317338466644287 -0.17039515078067779541 
-0.35540929436683654785 -0.21388716995716094971 -0.23096646368503570557 -0.24795740842819213867 0.83973437547683715820 -0.04525350034236907959 -0.03196599707007408142 -0.01451378688216209412 0.00723069068044424057 0.06798469275236129761 
-0.41464418172836303711 -0.23122933506965637207 -0.24771323800086975098 0.83731359243392944336 -0.06475304812192916870 -0.04525330662727355957 -0.03196620941162109375 -0.01451368443667888641 0.00723061803728342056 0.06798463314771652222 
-0.47387906908988952637 -0.24857148528099060059 0.83454948663711547852 -0.07092541456222534180 -0.06475311517715454102 -0.04525335505604743958 -0.03196604922413825989 -0.01451378967612981796 0.00723065342754125595 0.06798464059829711914 
-0.53311395645141601562 0.83242559432983398438 -0.07536066323518753052 -0.07092532515525817871 -0.06475302577018737793 -0.04525333270430564880 -0.03196612745523452759 -0.01451373938471078873 0.00723065156489610672 0.06798464804887771606 
0.00000000000000000000 -0.10983392596244812012 -0.13048559427261352539 -0.15339016914367675781 -0.17952707409858703613 0.06593773514032363892 0.06219005957245826721 0.05827110260725021362 0.05393870919942855835 0.94901585578918457031 

R = 
-16.88194274902343750000 -14.21637153625488281250 -12.14315032958984375000 -10.66227912902832031250 -9.77375602722167968750 
0.00000018179038363542 -9.10465431213378906250 -7.39933872222900390625 -5.86744403839111328125 -4.50897026062011718750 
0.00000032162145657821 0.00000005851517315136 -9.09910202026367187500 -7.37557601928710937500 -5.81951713562011718750 
0.00000015748585724396 -0.00000008109216764751 0.00000002256779296772 -9.08238887786865234375 -7.31206893920898437500 
0.00000021990702236963 0.00000007966551152094 0.00000003015479776991 -0.00000009828730185291 -9.04487419128417968750 
0.00000017028676779773 -0.00000000113685683090 -0.00000009567164482860 -0.00000017584302725027 -0.00000019457945654722 
0.00000020951659962520 0.00000019760611280617 -0.00000011196876670283 0.00000071862655204313 0.00000002890991268600 
0.00000037991992485331 -0.00000005893468824070 0.00000037711981804023 -0.00000017472416402597 0.00000000198077332314 
0.00000031331384775513 0.00000037683196296712 -0.00000004504960315899 -0.00000004454806301624 -0.00000003052694808048 
0.00000006561901955138 0.00000007239678723181 -0.00000009211294127454 -0.00000015892589999567 0.00000001700615115396 

Res = 
0.99999874830245971680 1.99999868869781494141 2.99999880790710449219 3.99999809265136718750 4.99999904632568359375 
2.00000000000000000000 2.99999952316284179688 3.99999952316284179688 4.99999904632568359375 6.00000000000000000000 
3.00000000000000000000 3.99999952316284179688 4.99999904632568359375 5.99999904632568359375 6.99999952316284179688 
3.99999976158142089844 4.99999904632568359375 5.99999952316284179688 7.00000095367431640625 8.00000190734863281250 
4.99999952316284179688 5.99999904632568359375 6.99999904632568359375 8.00000000000000000000 8.99999904632568359375 
5.99999952316284179688 6.99999904632568359375 7.99999904632568359375 9.00000000000000000000 -0.00000206431263904960 
6.99999952316284179688 7.99999904632568359375 8.99999904632568359375 -0.00000286102294921875 0.99999696016311645508 
8.00000000000000000000 8.99999809265136718750 -0.00000131130218505859 0.99999928474426269531 2.00000023841857910156 
8.99999904632568359375 -0.00000116493924906536 0.99999827146530151367 1.99999892711639404297 2.99999976158142089844 
-0.00000000000001013873 1.00000000000000000000 2.00000023841857910156 2.99999976158142089844 4.00000047683715820312 