Q = 
0.05923488363623619080 0.12717612087726593018 -0.14723235368728637695 0.16915139555931091309 0.19391666352748870850 0.08213786780834197998 -0.59887748956680297852 -0.18600921332836151123 -0.69482433795928955078 0.09819771349430084229 
0.11846976727247238159 0.14451833069324493408 -0.16397918760776519775 0.18491251766681671143 0.20830619335174560547 -0.39550027251243591309 0.69237112998962402344 -0.25338071584701538086 -0.38601362705230712891 0.10770069062709808350 
0.17770463228225708008 0.16186058521270751953 -0.18072597682476043701 0.20067389309406280518 0.22269570827484130859 0.04613872244954109192 0.06355388462543487549 0.89097243547439575195 -0.07720341533422470093 0.11720370501279830933 
0.23693953454494476318 0.17920273542404174805 -0.19747282564640045166 0.21643489599227905273 0.23708532750606536865 0.76567184925079345703 0.19128799438476562500 -0.27776843309402465820 0.23160839080810546875 0.12670670449733734131 
0.29617443680763244629 0.19654493033885955811 -0.21421961486339569092 0.23219613730907440186 0.25147473812103271484 -0.49844831228256225586 -0.34833562374114990234 -0.17381432652473449707 0.54041934013366699219 0.13620966672897338867 
0.35540932416915893555 0.21388716995716094971 -0.23096646368503570557 0.24795725941658020020 -0.83973419666290283203 0.00000004160676070342 -0.00000005960464477539 -0.00000002980232238770 -0.06433564424514770508 -0.06176948547363281250 
0.41464418172836303711 0.23122930526733398438 -0.24771334230899810791 -0.83731329441070556641 0.06475307047367095947 0.00000000000000000000 -0.00000003491847877513 0.00000005415638781869 -0.06433556973934173584 -0.06176950410008430481 
0.47387912869453430176 0.24857157468795776367 0.83454948663711547852 0.07092531025409698486 0.06475305557250976562 0.00000000000000000000 -0.00000000000000000000 -0.00000010844115649888 -0.06433562934398651123 -0.06176955997943878174 
0.53311401605606079102 -0.83242559432983398438 -0.07536067068576812744 0.07092542946338653564 0.06475307047367095947 0.00000000000000000000 -0.00000000000000000000 -0.00000000000000000000 -0.06433562934398651123 -0.06176948547363281250 
0.00000000000000000000 0.10983392596244812012 -0.13048562407493591309 0.15339022874832153320 0.17952702939510345459 0.00000000000000000000 -0.00000000000000000000 -0.00000000000000000000 -0.00000000000000000000 -0.95663559436798095703 

R = 
16.88194274902343750000 14.21637344360351562500 12.14315032958984375000 10.66228008270263671875 9.77375698089599609375 
0.00000000000000000000 9.10465621948242187500 7.39933824539184570312 5.86744499206542968750 4.50897264480590820312 
0.00000011920928955078 0.00000000000000000000 -9.09910106658935546875 -7.37557554244995117188 -5.81951761245727539062 
-0.00000023841857910156 0.00000000000000000000 0.00000000000000000000 9.08238697052001953125 7.31206893920898437500 
0.00000000000000000000 0.00000002980232238770 0.00000000000000000000 0.00000000000000000000 9.04487323760986328125 
0.00000000000000000000 0.00000000000000000000 0.00000000000000000000 0.00000000000000000000 0.00000000000000000000 
-0.00000047683715820312 0.00000000000000000000 0.00000000000000000000 -0.00000000000002842171 0.00000000000000000000 
0.00000000000000000000 -0.00000002980232238770 0.00000000000000000000 0.00000023841857910156 0.00000000000000000000 
0.00000000000000000000 0.00000000000000000000 0.00000000000000000000 0.00000000000000000000 0.00000000000000000000 
0.00000000000000000000 0.00000000000000000000 0.00000011920928955078 0.00000011920928955078 0.00000000000000000000 

Res = 
1.00000023841857910156 2.00000000000000000000 2.99999928474426269531 3.99999952316284179688 5.00000047683715820312 
1.99999952316284179688 3.00000000000000000000 3.99999952316284179688 4.99999904632568359375 6.00000000000000000000 
2.99999952316284179688 4.00000047683715820312 4.99999904632568359375 6.00000095367431640625 7.00000095367431640625 
3.99999976158142089844 5.00000000000000000000 5.99999952316284179688 6.99999904632568359375 7.99999952316284179688 
5.00000000000000000000 6.00000047683715820312 6.99999904632568359375 7.99999952316284179688 8.99999904632568359375 
6.00000000000000000000 7.00000095367431640625 7.99999952316284179688 8.99999904632568359375 0.00000034508173030190 
6.99999952316284179688 8.00000000000000000000 8.99999904632568359375 0.00000238418579101562 1.00000119209289550781 
8.00000000000000000000 9.00000190734863281250 0.00000047683715820312 1.00000023841857910156 2.00000023841857910156 
9.00000000000000000000 -0.00000084180663861844 0.99999964237213134766 1.99999988079071044922 3.00000047683715820312 
-0.00000005212617892880 1.00000011920928955078 2.00000023841857910156 3.00000047683715820312 4.00000095367431640625 
