Q = 
-0.05923488777590923959 -0.12717612886353715784 -0.14723239629194848077 -0.16915138816685154621 -0.19391659871340508059 -0.42277234523996115589 -0.46112055330938939157 -0.49017213019416472353 -0.51029262150675391840 0.01970647246129391891 
-0.11846977555181846531 -0.14451832825402005644 -0.16397920914032187989 -0.18491258240536029289 -0.20830616964266812641 -0.20152621766064637843 -0.22320097846160150135 -0.24338483421362711034 0.83563452332537635492 -0.11248703621668948438 
-0.17770466332772769102 -0.16186052764450237218 -0.18072602198869491819 -0.20067377664386878977 -0.22269574057193122774 -0.23804052248567381111 -0.26012928433075610535 0.81833768248248073274 -0.09453517829199087341 -0.12943327346470770434 
-0.23693955110363693062 -0.17920272703498482669 -0.19747283483706815077 -0.21643497088237756421 -0.23708531150119430131 -0.27314236052823936962 0.80542582060950951295 -0.10801420458829608107 -0.11251849206353678468 -0.14849911995845127555 
-0.29617443887954614246 -0.19654492642546725345 -0.21421964768544132784 -0.23219616512088619986 -0.25147488243045773570 0.79802345456433987358 -0.11496183306359770981 -0.12212024846729727101 -0.12884316246498475622 -0.17039509356264340156 
-0.35540932665545538205 -0.21388712581594959694 -0.23096646053381467145 -0.24795735935939483552 0.83973424637200544396 -0.04525338275634874230 -0.03196612512983997012 -0.01451377293787861622 0.00723062967703475001 0.06798464560044105431 
-0.41464421443136456613 -0.23122932520643207921 -0.24771327338218784853 0.83731344392077122762 -0.06475306918168462211 -0.04525338275634882557 -0.03196612512983940113 -0.01451377293787842193 0.00723062967703488879 0.06798464560044099880 
-0.47387910220727386124 -0.24857152459691442270 0.83454950694393437161 -0.07092537407328905474 -0.06475306918168471926 -0.04525338275634907537 -0.03196612512983976195 -0.01451377293787839418 0.00723062967703502757 0.06798464560044094329 
-0.53311398998318304532 0.83242557074315537413 -0.07536065781767967153 -0.07092537407328866617 -0.06475306918168459436 -0.04525338275634871454 -0.03196612512983942889 -0.01451377293787819989 0.00723062967703480552 0.06798464560044104044 
-0.00000000000000000000 -0.10983392947305521681 -0.13048558344357502614 -0.15339019392834296607 -0.17952702778414156293 0.06593769481208718031 0.06219007777679730342 0.05827109735363412979 0.05393870906409908850 0.94901592434384418606 

R = 
-16.88194301613413372820 -14.21637306621821394970 -12.14315199406139278437 -10.66227979966366135045 -9.77375648302502497700 
0.00000000000000000000 -9.10465468000325905962 -7.39933840660582475834 -5.86744412711321139398 -4.50897184152542340740 
0.00000000000000000000 0.00000000000000000000 -9.09910164761614304041 -7.37557549197106077088 -5.81951746480971277009 
0.00000000000000000000 0.00000000000000000000 0.00000000000000000000 -9.08238817994060099181 -7.31206832707953946482 
0.00000000000000000000 0.00000000000000000000 0.00000000000000000000 0.00000000000000000000 -9.04487315553690329750 
0.00000000000000000000 0.00000000000000000000 0.00000000000000000000 0.00000000000000000000 0.00000000000000000000 
0.00000000000000000000 0.00000000000000000000 0.00000000000000000000 0.00000000000000000000 0.00000000000000000000 
0.00000000000000000000 0.00000000000000000000 0.00000000000000000000 0.00000000000000000000 0.00000000000000000000 
0.00000000000000000000 0.00000000000000000000 0.00000000000000000000 0.00000000000000000000 0.00000000000000000000 
0.00000000000000000000 0.00000000000000000000 0.00000000000000000000 0.00000000000000000000 0.00000000000000000000 

Res = 
1.00000000000000022204 1.99999999999999578115 2.99999999999999822364 3.99999999999999822364 5.00000000000000088818 
2.00000000000000000000 3.00000000000000000000 4.00000000000000355271 5.00000000000000266454 6.00000000000000355271 
3.00000000000000000000 3.99999999999999911182 5.00000000000000000000 5.99999999999999911182 6.99999999999999822364 
4.00000000000000000000 4.99999999999999911182 6.00000000000000088818 7.00000000000000088818 7.99999999999999822364 
5.00000000000000000000 5.99999999999999911182 6.99999999999999911182 8.00000000000000000000 9.00000000000000000000 
6.00000000000000000000 6.99999999999999822364 8.00000000000000000000 9.00000000000000000000 0.00000000000000222045 
6.99999999999999911182 7.99999999999999822364 8.99999999999999822364 -0.00000000000000080916 1.00000000000000088818 
8.00000000000000000000 8.99999999999999822364 0.00000000000000027016 1.00000000000000133227 2.00000000000000088818 
9.00000000000000000000 -0.00000000000000314511 0.99999999999999611422 1.99999999999999644729 2.99999999999999733546 
0.00000000000000000000 1.00000000000000000000 2.00000000000000000000 3.00000000000000000000 3.99999999999999955591 