Q = 
0.05923488777590921184 0.12717612886353762969 -0.14723239629194831424 0.16915138816685157397 0.19391659871340455323 0.52466573911575853373 0.34634423259713398302 -0.06907629654821896559 -0.69482476708422136191 0.09819768566824796374 
0.11846977555181842368 0.14451832825402000093 -0.16397920914032157458 0.18491258240536018187 0.20830616964266804314 -0.81925396197981215085 0.11164923711743318657 0.12789602664459989723 -0.38601375949123406528 0.10770068750711070393 
0.17770466332772766327 0.16186052764450245545 -0.18072602198869494594 0.20067377664386867875 0.22269574057193144978 0.06915897927202901974 -0.77144199677266989124 -0.44731899266792546355 -0.07720275189824682416 0.11720368934597344412 
0.23693955110363684735 0.17920272703498488220 -0.19747283483706798424 0.21643497088237753645 0.23708531150119474540 0.22078097093234333448 -0.17744064819549434930 0.78725509159492579325 0.23160825569474025043 0.12670669118483618432 
0.29617443887954614246 0.19654492642546733672 -0.21421964768544143887 0.23219616512088606108 0.25147488243045806877 0.00464827265968098362 0.49088917525359732075 -0.39875582902338146951 0.54041926328772804666 0.13620969302369892451 
0.35540932665545543756 0.21388712581594962470 -0.23096646053381464370 0.24795735935939483552 -0.83973424637200599907 0.00000000000000002024 -0.00000000000000011102 0.00000000000000005551 -0.06433562658187236272 -0.06176951195260760308 
0.41464421443136467715 0.23122932520643185716 -0.24771327338218779301 -0.83731344392077122762 0.06475306918168458048 0.00000000000000000000 0.00000000000000011905 0.00000000000000009114 -0.06433562658187240435 -0.06176951195260776267 
0.47387910220727397226 0.24857152459691420066 0.83454950694393448263 0.07092537407328895760 0.06475306918168473314 0.00000000000000000000 0.00000000000000000000 -0.00000000000000014087 -0.06433562658187241823 -0.06176951195260760308 
0.53311398998318315634 -0.83242557074315504106 -0.07536065781767992133 0.07092537407328904087 0.06475306918168470538 0.00000000000000000000 0.00000000000000000000 -0.00000000000000000000 -0.06433562658187227945 -0.06176951195260755451 
0.00000000000000000000 0.10983392947305518905 -0.13048558344357502614 0.15339019392834302158 0.17952702778414150742 0.00000000000000000000 0.00000000000000000000 -0.00000000000000000000 -0.00000000000000000000 -0.95663551844551297787 

R = 
16.88194301613413017549 14.21637306621821750241 12.14315199406139278437 10.66227979966366135045 9.77375648302502142428 
0.00000000000000000000 9.10465468000325905962 7.39933840660582475834 5.86744412711321317033 4.50897184152542696012 
-0.00000000000000022204 -0.00000000000000005551 -9.09910164761614126405 -7.37557549197106077088 -5.81951746480971277009 
0.00000000000000044409 0.00000000000000000000 0.00000000000000000000 9.08238817994059743910 7.31206832707953946482 
0.00000000000000044409 0.00000000000000000000 0.00000000000000000000 0.00000000000000000000 9.04487315553690507386 
0.00000000000000000000 0.00000000000000000000 -0.00000000000000000000 0.00000000000000000000 0.00000000000000000000 
0.00000000000000000000 0.00000000000000000000 0.00000000000000000000 0.00000000000000000000 0.00000000000000000000 
0.00000000000000000000 0.00000000000000000000 0.00000000000000000000 0.00000000000000000000 0.00000000000000000000 
0.00000000000000088818 0.00000000000000000000 0.00000000000000000000 0.00000000000000000000 -0.00000000000000088818 
0.00000000000000000000 0.00000000000000000000 0.00000000000000000000 0.00000000000000022204 0.00000000000000000000 

Res = 
0.99999999999999900080 2.00000000000000000000 3.00000000000000000000 3.99999999999999911182 4.99999999999999822364 
1.99999999999999844569 2.99999999999999955591 3.99999999999999911182 4.99999999999999822364 6.00000000000000000000 
2.99999999999999911182 4.00000000000000000000 5.00000000000000000000 5.99999999999999822364 7.00000000000000000000 
3.99999999999999777955 4.99999999999999911182 5.99999999999999822364 6.99999999999999733546 8.00000000000000000000 
5.00000000000000000000 6.00000000000000088818 7.00000000000000088818 7.99999999999999911182 9.00000000000000177636 
6.00000000000000000000 7.00000000000000088818 8.00000000000000000000 9.00000000000000000000 -0.00000000000000444089 
7.00000000000000000000 7.99999999999999911182 8.99999999999999822364 0.00000000000000126368 1.00000000000000000000 
8.00000000000000000000 9.00000000000000000000 0.00000000000000074242 1.00000000000000022204 1.99999999999999911182 
9.00000000000000000000 0.00000000000000344425 1.00000000000000244249 2.00000000000000310862 3.00000000000000044409 
0.00000000000000017682 0.99999999999999977796 1.99999999999999977796 3.00000000000000000000 4.00000000000000088818 