Q = 
0.10736270944797410287 -0.03077609167769920773 0.09843875800002573062 -0.00238577351002805657 0.10994308725839178897 0.00000000000000000000 0.00000000000000000000 0.00000000000000000000 0.00000000000000000000 0.00000000000000000000 
0.21472541889594820574 -0.10170781392095901152 0.17338226659374755823 -0.06207640159397856405 0.17205776914644052566 0.00000000000000000000 0.00000000000000000000 0.00000000000000000000 0.00000000000000000000 0.00000000000000000000 
0.32208812834392230862 -0.17263953616421881532 0.24832577518746934420 -0.12176702967792890631 0.23417245103448899868 0.00000000000000000000 0.00000000000000000000 0.00000000000000000000 0.00000000000000000000 0.00000000000000000000 
0.42945083779189641149 -0.24357125840747859136 0.32326928378119113017 -0.18145765776187935958 0.29628713292253766598 0.00000000000000000000 0.00000000000000000000 0.00000000000000000000 0.00000000000000000000 0.00000000000000000000 
0.53681354723987051436 -0.31450298065073845066 0.39821279237491297165 -0.24114828584582981286 0.35840181481058641655 0.00000000000000000000 0.00000000000000000000 0.00000000000000000000 0.00000000000000000000 0.00000000000000000000 
0.64417625668784461723 -0.38543470289399822670 0.47315630096863475762 -0.30083891392978012735 -0.35396020870304084616 0.00000000000000000000 0.00000000000000000000 0.00000000000000000000 0.00000000000000000000 0.00000000000000000000 
0.75153896613581872010 -0.45636642513725800274 0.54809980956235659910 -0.98361427467495443633 0.97518664945650745945 0.00000000000000000000 0.00000000000000000000 0.00000000000000000000 0.00000000000000000000 0.00000000000000000000 
0.85890167558379282298 -0.52729814738051783429 0.08639037413934734511 -0.02164785107575710466 0.09492941337198676499 0.00000000000000000000 0.00000000000000000000 0.00000000000000000000 0.00000000000000000000 0.00000000000000000000 
0.96626438503176692585 -0.99978617527938362652 0.99968727670349200043 -0.82844693028155613757 0.86031417029394752216 0.00000000000000000000 0.00000000000000000000 0.00000000000000000000 0.00000000000000000000 0.00000000000000000000 
0.00000000000000000000 0.04015563056556058913 0.02349524940630393771 0.05730485457392238413 0.04782840537034313555 0.00000000000000000000 0.00000000000000000000 0.00000000000000000000 0.00000000000000000000 0.00000000000000000000 

R = 
9.31422097245581070979 25.76705026751378824201 22.00935543683469219900 19.32528770063534295787 17.71484705891572630776 
0.00000000000000000000 24.90310788090695126584 38.90336435332968534340 33.92889130577957246260 30.78358495498723002015 
0.00000000000000000000 0.00000000000000000000 18.63401684737284114135 30.55374929825464036526 27.31187280792253702089 
0.00000000000000000000 0.00000000000000000000 0.00000000000000000000 16.04918155720095995775 26.25621828774082899827 
0.00000000000000000000 0.00000000000000000000 0.00000000000000000000 0.00000000000000000000 12.91194419438811458178 
0.00000000000000000000 0.00000000000000000000 0.00000000000000000000 0.00000000000000000000 0.00000000000000000000 
0.00000000000000000000 0.00000000000000000000 0.00000000000000000000 0.00000000000000000000 0.00000000000000000000 
0.00000000000000000000 0.00000000000000000000 0.00000000000000000000 0.00000000000000000000 0.00000000000000000000 
0.00000000000000000000 0.00000000000000000000 0.00000000000000000000 0.00000000000000000000 0.00000000000000000000 
0.00000000000000000000 0.00000000000000000000 0.00000000000000000000 0.00000000000000000000 0.00000000000000000000 

Res = 
1.00000000000000000000 2.00000000000000000000 3.00000000000000000000 4.00000000000000000000 5.00000000000000000000 
2.00000000000000000000 3.00000000000000000000 4.00000000000000000000 5.00000000000000000000 6.00000000000000000000 
3.00000000000000000000 4.00000000000000000000 4.99999999999999911182 6.00000000000000000000 7.00000000000000000000 
4.00000000000000000000 5.00000000000000088818 6.00000000000000000000 7.00000000000000177636 8.00000000000000000000 
5.00000000000000000000 6.00000000000000000000 6.99999999999999911182 8.00000000000000000000 9.00000000000000000000 
6.00000000000000000000 7.00000000000000088818 7.99999999999999911182 9.00000000000000000000 0.00000000000000000000 
7.00000000000000000000 8.00000000000000000000 9.00000000000000000000 -0.00000000000000050024 1.00000000000000000000 
8.00000000000000000000 9.00000000000000000000 -0.00000000000000157606 0.99999999999999933387 1.99999999999999977796 
9.00000000000000000000 0.00000000000000045568 0.99999999999999911182 2.00000000000000000000 3.00000000000000355271 
0.00000000000000000000 1.00000000000000000000 2.00000000000000000000 3.00000000000000000000 4.00000000000000000000 