Q = 
-0.05923485755920410156 -0.12717625498771667480 -0.14723230898380279541 -0.16915152966976165771 -0.19391664862632751465 -0.42277237772941589355 -0.46112042665481567383 -0.49017232656478881836 -0.51029253005981445312 0.01970645226538181305 
-0.11846977472305297852 -0.14451831579208374023 -0.16397906839847564697 -0.18491268157958984375 -0.20830610394477844238 -0.20152616500854492188 -0.22320079803466796875 -0.24338489770889282227 0.83563464879989624023 -0.11248704791069030762 
-0.17770467698574066162 -0.16186049580574035645 -0.18072602152824401855 -0.20067369937896728516 -0.22269570827484130859 -0.23804065585136413574 -0.26012942194938659668 0.81833761930465698242 -0.09453509002923965454 -0.12943327426910400391 
-0.23693954944610595703 -0.17920273542404174805 -0.19747287034988403320 -0.21643489599227905273 -0.23708555102348327637 -0.27314215898513793945 0.80542600154876708984 -0.10801406204700469971 -0.11251854896545410156 -0.14849917590618133545 
-0.29617443680763244629 -0.19654493033885955811 -0.21421965956687927246 -0.23219618201255798340 -0.25147482752799987793 0.79802352190017700195 -0.11496196687221527100 -0.12212014198303222656 -0.12884312868118286133 -0.17039506137371063232 
-0.35540935397148132324 -0.21388708055019378662 -0.23096647858619689941 -0.24795742332935333252 0.83973425626754760742 -0.04525352269411087036 -0.03196590393781661987 -0.01451383531093597412 0.00723057985305786133 0.06798461079597473145 
-0.41464424133300781250 -0.23122933506965637207 -0.24771326780319213867 0.83731353282928466797 -0.06475299596786499023 -0.04525343328714370728 -0.03196646273136138916 -0.01451392471790313721 0.00723071396350860596 0.06798468530178070068 
-0.47387909889221191406 -0.24857152998447418213 0.83454942703247070312 -0.07092538475990295410 -0.06475304067134857178 -0.04525332152843475342 -0.03196603059768676758 -0.01451368629932403564 0.00723057985305786133 0.06798464804887771606 
-0.53311401605606079102 0.83242553472518920898 -0.07536064088344573975 -0.07092541456222534180 -0.06475316733121871948 -0.04525344073772430420 -0.03196614980697631836 -0.01451389491558074951 0.00723057985305786133 0.06798464804887771606 
-0.00000000000000000000 -0.10983392596244812012 -0.13048557937145233154 -0.15339019894599914551 -0.17952701449394226074 0.06593769043684005737 0.06219009310007095337 0.05827112123370170593 0.05393871665000915527 0.94901597499847412109 

R = 
-16.88194274902343750000 -14.21637344360351562500 -12.14315128326416015625 -10.66228008270263671875 -9.77375698089599609375 
0.00000000000000000000 -9.10465431213378906250 -7.39933681488037109375 -5.86744356155395507812 -4.50897169113159179688 
0.00000000000000000000 0.00000000000000000000 -9.09910106658935546875 -7.37557411193847656250 -5.81951618194580078125 
0.00000000000000000000 0.00000000000000000000 0.00000000000000000000 -9.08238697052001953125 -7.31206893920898437500 
0.00000000000000000000 0.00000000000000000000 0.00000000000000000000 0.00000000000000000000 -9.04487419128417968750 
0.00000000000000000000 0.00000000000000000000 0.00000000000000000000 0.00000000000000000000 0.00000000000000000000 
0.00000000000000000000 0.00000000000000000000 0.00000000000000000000 0.00000000000000000000 0.00000000000000000000 
0.00000000000000000000 0.00000000000000000000 0.00000000000000000000 0.00000000000000000000 0.00000000000000000000 
0.00000000000000000000 0.00000000000000000000 0.00000000000000000000 0.00000000000000000000 0.00000000000000000000 
0.00000000000000000000 0.00000000000000000000 0.00000000000000000000 0.00000000000000000000 0.00000000000000000000 

Res = 
0.99999946355819702148 2.00000071525573730469 2.99999952316284179688 4.00000047683715820312 5.00000143051147460938 
2.00000000000000000000 3.00000000000000000000 3.99999833106994628906 4.99999952316284179688 5.99999904632568359375 
3.00000023841857910156 4.00000000000000000000 4.99999952316284179688 5.99999904632568359375 6.99999904632568359375 
4.00000000000000000000 5.00000000000000000000 6.00000000000000000000 6.99999904632568359375 8.00000190734863281250 
5.00000000000000000000 6.00000000000000000000 6.99999952316284179688 8.00000000000000000000 9.00000000000000000000 
6.00000047683715820312 7.00000000000000000000 7.99999952316284179688 9.00000000000000000000 -0.00000004119340246689 
7.00000047683715820312 8.00000000000000000000 9.00000000000000000000 0.00000047683715820312 0.99999785423278808594 
8.00000000000000000000 9.00000000000000000000 0.00000035762786865234 1.00000178813934326172 2.00000119209289550781 
9.00000000000000000000 0.00000128666908949526 1.00000143051147460938 2.00000095367431640625 3.00000214576721191406 
0.00000000000000000000 0.99999994039535522461 1.99999964237213134766 2.99999952316284179688 4.00000000000000000000 